7584
4396
531
7587
4899
8974
7673
7489
7776
4098
4393
6630
1874
8156
2080
1012
8469
3497
6047
2415
3702
7112
8960
5147
8592
9605
9352
1297
4408
6803
3783
283
9617
1200
7504
4990
756
4999
2197
6410
9445
908
6952
3912
5887
4339
3062
6922
3031
2250
212
8046
4776
9807
593
4
1223
915
9481
752
5729
7309
1503
3844
8027
5560
5634
1586
8378
8316
7111
5672
4911
2698
9060
5029
338
9958
6455
3105
4220
1119
9709
1169
2718
7892
7554
9041
9597
2136
4838
3569
1290
2928
1881
7822
2294
7476
5443
3288
7145
6513
1118
5724
1365
2263
517
165
2802
3853
5396
344
1263
2682
8216
9522
4865
2280
1403
2258
5419
2004
3699
6665
454
5238
1020
13
3721
1096
7128
8437
6853
8531
6485
9199
1641
591
2288
9281
9732
5378
8644
8562
2198
9247
6852
8659
7344
2687
2697
9531
9495
7392
3139
5091
722
4777
3767
9314
2434
9714
109
233
6116
7175
4108
3986
8657
6200
4608
2017
9836
1791
7558
8146
5159
3053
9967
6493
9382
1667
2873
536
3018
4572
9997
7012
9091
5710
4603
5822
5183
6481
866
6869
4637
3930
1577
7032
1356
8268
8729
7891
840
5371
7385
1082
2011
6242
6623
7444
503
3309
6371
9840
5051
4151
281
9785
6571
7312
1110
444
501
6201
3931
4214
2076
6700
4484
7289
7265
2215
7735
4949
1584
9140
5738
9217
5789
758
6634
7833
1880
7911
4698
9652
6394
9355
5087
1351
6470
357
4250
8878
8578
6427
9770
8825
597
4118
2628
2233
8506
8655
26
106
9367
5089
1973
1350
1573
6604
4880
2369
3414
9349
5135
356
7849
4168
9907
9253
2566
8489
7028
6795
6472
9892
4758
485
9684
9406
7636
6867
553
4013
2100
3287
2797
4047
8613
2454
8476
9432
3175
8280
7696
1579
5806
8508
6413
672
4236
4491
4502
6331
9020
8379
4342
1572
4913
6359
8240
6426
4810
4877
6774
6035
7419
3870
5343
828
9359
5510
4917
2088
6194
6492
268
4762
3155
6837
2916
8689
1254
4555
5814
2779
3807
7539
8225
7073
3261
7382
4193
7328
2442
8773
6141
5662
8734
7917
7544
1326
9751
6428
3935
8648
3485
7448
2714
6305
4500
8111
2421
4020
6055
3081
2028
200
2878
4726
2259
7449
1669
8642
9940
7550
4208
5953
5414
8595
5979
368
7010
2278
3669
1274
166
6435
1957
8622
2643
7585
5576
4658
7751
2308
9443
2770
3974
836
4113
3730
5428
7950
1277
5474
6565
2567
8091
3666
7116
1615
3059
4351
5864
1153
1070
1923
5295
1125
3876
9275
4952
3172
762
2837
8352
8289
4178
725
847
3863
5068
4244
8056
4369
7668
5213
346
8467
7173
4166
8566
3619
2301
5748
3793
1060
5022
688
6916
8546
6440
5687
8449
9990
9558
8416
898
4401
4606
7827
1157
3228
6785
9001
747
8166
7043
8020
9556
6767
205
7333
842
2208
7132
4050
2715
3310
8666
3243
9425
578
7785
5075
